category,Approve,Disapprove,None
1,52,38,10
2,49,40,11
3,48,45,7
4,47,42,11
5,44,48,8
6,43,51,6
7,41,53,6
8,41,54,5
9,40,57,3
10,38,59,3
11,36,57,7
12,31,64,5
13,29,62,9
